7c
7c
80
80
80
80
80
80
80
80
80
80
80
80
80
80
80
80
80
80
80
80
80
80
80
80
80
80
80
80
80
80
80
80
80
80
80
80
80
80
80
80
80
80
84
84
85
85
85
85
85
85
85
85
85
85
85
85
85
85
85
85
85
85
85
85
85
85
85
85
85
85
85
85
85
85
85
85
85
85
85
85
85
85
85
85
85
85
85
85
85
85
85
85
85
85
85
85
85
85
85
85
85
85
85
85
85
85
85
85
85
85
85
85
85
85
85
85
85
85
85
85
89
89
89
89
89
89
89
89
8a
8a
8a
8a
8a
8a
8a
8a
8a
8a
8a
8a
8a
8a
8b
8b
8b
8b
8b
8b
8b
8b
8b
8b
8b
8b
8c
8c
8c
8c
8c
8c
8d
8d
8d
8d
8d
8d
8d
8d
8d
8d
8d
8d
8d
8d
8f
8f
93
93
93
93
93
93
95
95
95
95
95
95
96
96
96
96
98
98
99
99
99
99
