7c0000
7c0000
800000
800000
800000
800000
800000
800000
800000
800000
800000
800000
800000
800000
800000
800000
800000
800000
800000
800000
800000
800000
800000
800000
800000
800000
800000
800000
800000
800000
800000
800000
800000
800000
800000
800000
800000
800000
800000
800000
800000
800000
800000
800000
840000
840000
850000
850000
850000
850000
850000
850000
850000
850000
850000
850000
850000
850000
850000
850000
850000
850000
850000
850000
850000
850000
850000
850000
850000
850000
850000
850000
850000
850000
850000
850000
850000
850000
850000
850000
850000
850000
850000
850000
850000
850000
850000
850000
850000
850000
850000
850000
850000
850000
850000
850000
850000
850000
850000
850000
850000
850000
850000
850000
850000
850000
850000
850000
850000
850000
850000
850000
850000
850000
850000
850000
850000
850000
850000
850000
850000
850000
890000
890000
890000
890000
890000
890000
890000
890000
8a0000
8a0000
8a0000
8a0000
8a0000
8a0000
8a0000
8a0000
8a0000
8a0000
8a0000
8a0000
8a0000
8a0000
8b0000
8b0000
8b0000
8b0000
8b0000
8b0000
8b0000
8b0000
8b0000
8b0000
8b0000
8b0000
8c0000
8c0000
8c0000
8c0000
8c0000
8c0000
8d0000
8d0000
8d0000
8d0000
8d0000
8d0000
8d0000
8d0000
8d0000
8d0000
8d0000
8d0000
8d0000
8d0000
8f0000
8f0000
930000
930000
930000
930000
930000
930000
950000
950000
950000
950000
950000
950000
960000
960000
960000
960000
980000
980000
990000
990000
990000
990000
