0000
0000
0000
0000
0000
0000
0000
0000
0000
0000
0000
0000
0000
0000
0000
0000
0000
0000
0000
0000
0000
0000
0100
0100
0100
0100
0100
0100
0100
0100
0100
0100
0100
0100
0100
0100
0100
0100
0100
0100
0100
0100
0100
0100
0200
0200
0200
0200
0200
0200
0200
0200
0200
0200
0200
0200
0200
0200
0200
0200
0200
0200
0200
0200
0200
0200
0300
0300
0300
0300
0300
0300
0300
0300
0300
0300
0300
0300
0300
0300
0300
0300
0300
0300
0300
0300
0300
0300
0400
0400
0400
0400
0400
0400
0400
0400
0400
0400
0400
0400
0400
0400
0400
0400
0400
0400
0400
0400
0400
0400
0500
0500
0500
0500
0500
0500
0500
0500
0500
0500
0500
0500
0500
0500
0500
0500
0500
0500
0500
0500
0500
0500
0600
0600
0600
0600
0600
0600
0600
0600
0600
0600
0600
0600
0600
0600
0600
0600
0600
0600
0600
0600
0600
0600
0700
0700
0700
0700
0700
0700
0700
0700
0700
0700
0700
0700
0700
0700
0700
0700
0700
0700
0700
0700
0700
0700
